Locality	Population Density	Taxes	Income
1000	5949	449947939.5	2131778502
1005	5949	449947939.5	2131778502
1006	5949	449947939.5	2131778502
1007	5949	449947939.5	2131778502
1008	5949	449947939.5	2131778502
1009	5949	449947939.5	2131778502
1011	5949	449947939.5	2131778502
1012	5949	449947939.5	2131778502
1020	5949	449947939.5	2131778502
1030	16504	306854640.2	1500117874
1031	16504	306854640.2	1500117874
1033	16504	306854640.2	1500117874
1035	16504	306854640.2	1500117874
1040	5949	449947939.5	2131778502
1041	5949	449947939.5	2131778502
1043	16504	306854640.2	1500117874
1044	16504	306854640.2	1500117874
1046	8826	111876957.7	527617115.4
1047	13925	339227504.3	1302755059
1048	5949	449947939.5	2131778502
1049	8826	111876957.7	527617115.4
1050	13925	339227504.3	1302755059
1060	19454	128470146.8	605649332.5
1070	7066	234165333.2	1320651547
1080	16352	162859117.7	964345577.3
1081	19162	52542527.64	264850402.8
1082	8741	82525602.16	363580839.3
1083	10487	76719697.9	359815934.7
1090	10427	160264266.9	733820155.2
1099	5949	449947939.5	2131778502
1105	5949	449947939.5	2131778502
1110	5949	449947939.5	2131778502
1120	5949	449947939.5	2131778502
1130	5949	449947939.5	2131778502
1140	8826	111876957.7	527617115.4
1150	4760	221943581.2	789281846.9
1160	3943	160640857	589237519.7
1170	1951	130771138	476837286.9
1180	3795	412216167.7	1561760306
1190	9225	173715657	775664780.4
1200	8332	240295305.3	906316263.9
1210	23173	37708086.64	238862701.9
1212	23173	37708086.64	238862701.9
1300	844	168599427	664983931.6
1301	844	168599427	664983931.6
1310	485	42747528.6	158085907.6
1315	146	26245991.84	102382522.2
1320	188	38235596.66	143991422.5
1325	245	72636121.41	257798229.8
1330	1315	129690954.8	475174920.8
1331	1315	129690954.8	475174920.8
1332	1315	129690954.8	475174920.8
1340	947	151969320.3	573778367.2
1341	947	151969320.3	573778367.2
1342	947	151969320.3	573778367.2
1348	449	39920594.69	149068938.2
1350	179	39662955.74	160981296.7
1357	227	14869838.93	62188443.38
1360	190	42843664.19	168666097.8
1367	137	28994301.62	117249541.6
1370	202	63945550.32	257014135
1380	298	97347279.51	346321899.4
1390	253	74149530.78	280786492.6
1400	478	135828538.6	540140462
1401	478	135828538.6	540140462
1402	478	135828538.6	540140462
1404	478	135828538.6	540140462
1410	1435	172383536	631117982.9
1420	773	207802616.6	801062726.9
1421	773	207802616.6	801062726.9
1428	773	207802616.6	801062726.9
1430	284	44797384.75	190026869.3
1435	449	39920594.69	149068938.2
1440	468	52275454.82	201676308.1
1450	245	38920312.48	145531839.8
1457	200	39481731.03	143850790.7
1460	200	33051213.81	130466005.5
1461	200	33051213.81	130466005.5
1470	178	77432923.92	301575363.6
1471	178	77432923.92	301575363.6
1472	178	77432923.92	301575363.6
1473	178	77432923.92	301575363.6
1474	178	77432923.92	301575363.6
1476	178	77432923.92	301575363.6
1480	866	87069930.92	405150808.1
1490	404	51569776.89	196251227.8
1495	231	53776633.14	205444237.5
1500	947	171202478.5	712394593.3
1501	947	171202478.5	712394593.3
1502	947	171202478.5	712394593.3
1540	153	34125480.62	133980375.7
1541	153	34125480.62	133980375.7
1547	118	10445795.75	41673900.06
1560	567	63536268.39	230935459.7
1570	253	43077068.34	173301551.1
1600	898	139253384.2	591483761
1601	898	139253384.2	591483761
1602	898	139253384.2	591483761
1620	2381	19370790.13	85985874.87
1630	1116	28257186.9	100326820.4
1640	822	116328488.9	418751237.9
1650	872	135984565.4	509616162.1
1651	872	135984565.4	509616162.1
1652	872	135984565.4	509616162.1
1653	872	135984565.4	509616162.1
1654	872	135984565.4	509616162.1
1670	128	24713737.62	93190256.04
1671	128	24713737.62	93190256.04
1673	128	24713737.62	93190256.04
1674	128	24713737.62	93190256.04
1700	1082	229345422.6	868256340
1701	1082	229345422.6	868256340
1702	1082	229345422.6	868256340
1703	1082	229345422.6	868256340
1730	712	154481497.2	617374698.4
1731	712	154481497.2	617374698.4
1733	712	154481497.2	617374698.4
1740	671	83265439.23	321790664.1
1741	671	83265439.23	321790664.1
1742	671	83265439.23	321790664.1
1745	746	73311605.95	284279747.9
1750	304	53415682.55	196724444
1755	237	48594299.91	189838417.9
1760	546	59823752.48	232696583.1
1761	546	59823752.48	232696583.1
1770	1377	55728956.08	237775382.6
1780	2072	87006543.16	325660433.2
1785	489	86791458.34	332936827.5
1790	762	67549819.16	264828237.4
1800	2199	170524391	720908932.4
1804	2199	170524391	720908932.4
1820	536	67120921.08	252428089
1830	1442	52121352.59	236703923.5
1831	1442	52121352.59	236703923.5
1840	531	96796816.8	375786649.1
1850	1031	202839061.1	766960083.3
1851	1031	202839061.1	766960083.3
1852	1031	202839061.1	766960083.3
1853	1031	202839061.1	766960083.3
1860	579	121253408.6	429331725.8
1861	579	121253408.6	429331725.8
1880	631	49885795.08	194113921.9
1910	372	70202214.9	257251736.2
1930	1323	152946289.9	598633861.9
1931	1442	52121352.59	236703923.5
1932	1323	152946289.9	598633861.9
1933	1323	152946289.9	598633861.9
1934	1442	52121352.59	236703923.5
1935	1323	152946289.9	598633861.9
1950	2392	80994702.64	278278022.4
1970	2148	86288567.89	299116555.7
1980	541	141604478.6	513669103.2
1981	541	141604478.6	513669103.2
1982	541	141604478.6	513669103.2
2000	2666	1732023153	7913652026
2018	2666	1732023153	7913652026
2020	2666	1732023153	7913652026
2030	2666	1732023153	7913652026
2040	2666	1732023153	7913652026
2050	2666	1732023153	7913652026
2060	2666	1732023153	7913652026
2070	967	84753336.19	367387630.2
2099	2666	1732023153	7913652026
2100	2666	1732023153	7913652026
2110	1342	44903717.45	186109200.6
2140	2666	1732023153	7913652026
2150	2917	45190282.65	193994065.1
2160	1029	58023997.85	244688391.3
2170	2666	1732023153	7913652026
2180	2666	1732023153	7913652026
2200	602	119377035.6	519220277.6
2220	513	179914708.7	776529853.5
2221	513	179914708.7	776529853.5
2222	513	179914708.7	776529853.5
2223	513	179914708.7	776529853.5
2230	283	59762892.06	265259489.6
2235	610	42924755.09	188196413.2
2240	335	61859917.42	253342105.3
2242	335	61859917.42	253342105.3
2243	335	61859917.42	253342105.3
2250	554	52097587.34	227303790.9
2260	462	107552943.7	464294289.8
2270	400	35495984.3	160164940.5
2275	286	70154728.71	303286002.8
2280	409	52582505.55	217749002.4
2288	409	52582505.55	217749002.4
2290	291	32916150.68	142888654.3
2300	834	155464332.8	735192914.1
2310	268	42064484.36	198814857.6
2320	211	69018902.59	357968968.6
2321	211	69018902.59	357968968.6
2322	211	69018902.59	357968968.6
2323	211	69018902.59	357968968.6
2328	211	69018902.59	357968968.6
2330	199	34260405.07	151360295.7
2340	498	79281934.8	336354913.9
2350	997	55090825.05	224815460.7
2360	379	55631790.73	262528010.7
2370	243	43152967.78	219211290.1
2380	163	41472115.42	245223600.2
2381	163	41472115.42	245223600.2
2382	163	41472115.42	245223600.2
2387	405	5645178.712	40961052.74
2390	312	67030921.84	283196025.8
2400	360	34201698.87	164153741.4
2430	395	63975407.71	289499601.8
2431	395	63975407.71	289499601.8
2440	384	172561324.7	733566202
2450	285	40787812.13	183456521.1
2460	272	84481153.01	355709830.1
2470	245	42093837.59	197573044.6
2480	360	34201698.87	164153741.4
2490	322	85273670.73	391886114.2
2491	322	85273670.73	391886114.2
2500	766	162169925.4	668984722.5
2520	453	96943253.01	383226756.5
2530	668	72176740.34	272832077
2531	668	72176740.34	272832077
2540	1397	57113279.15	200648504
2547	1505	48987524.99	181531695.1
2550	911	118259556.8	449618719.2
2560	605	97426434.65	417070112.4
2570	799	83026052.82	337057711
2580	538	79581423.28	331209131.7
2590	492	48835036.25	207937413.4
2600	2666	1732023153	7913652026
2610	2666	1732023153	7913652026
2620	2262	46767171.92	198766777.4
2627	1101	39933386.71	163263742.9
2630	1351	83283148.15	321603149.4
2640	3416	130084207.8	510455304.8
2650	2639	124777480.9	475935701.1
2660	2666	1732023153	7913652026
2800	1358	375498087.8	1536825130
2801	1358	375498087.8	1536825130
2811	1358	375498087.8	1536825130
2812	1358	375498087.8	1536825130
2820	529	97016004.98	346695619
2830	1032	106004475.9	453126635.7
2840	771	76423734.6	305209938.5
2845	2051	39241299.37	174264420.5
2850	2632	64945937.85	294135404.5
2860	603	104334551.2	410347464.2
2861	603	104334551.2	410347464.2
2870	549	127537401.5	507925594.2
2880	478	106037549.3	425259824.3
2890	549	127537401.5	507925594.2
2900	1174	168145042.6	685204898.5
2910	413	65128639.16	320940672.1
2920	331	85788927.43	359653537.7
2930	997	198330518.3	806119012.5
2940	879	91930551.65	371022443.1
2950	746	144685456.7	584421466.6
2960	335	134420695	557776664.8
2970	563	121192793.3	467064258.9
2980	583	113347507.5	452642956.9
2990	244	81736856.91	361632373.4
3000	1809	535581710.6	1962352502
3001	1809	535581710.6	1962352502
3010	1809	535581710.6	1962352502
3012	1809	535581710.6	1962352502
3018	1809	535581710.6	1962352502
3020	703	138454731.1	487922441
3040	252	57421686.48	208694144.2
3050	368	79147629.98	272600779.2
3051	368	79147629.98	272600779.2
3052	368	79147629.98	272600779.2
3053	368	79147629.98	272600779.2
3054	368	79147629.98	272600779.2
3060	342	59916552.66	215405860.2
3061	342	59916552.66	215405860.2
3070	610	119024797.8	426597171.3
3071	610	119024797.8	426597171.3
3078	610	119024797.8	426597171.3
3080	686	134856356.5	468728020.5
3090	577	155496804.7	547993512
3110	475	95099083.65	354787566
3111	475	95099083.65	354787566
3118	475	95099083.65	354787566
3120	704	76024182.36	301451947
3128	704	76024182.36	301451947
3130	601	49689092.12	200912715.2
3140	717	92277677.39	324167535.7
3150	505	79327070.02	305029070.3
3190	711	72973072.73	272750040.7
3191	711	72973072.73	272750040.7
3200	494	138518887.9	576321514.8
3201	494	138518887.9	576321514.8
3202	494	138518887.9	576321514.8
3210	334	91240565.99	330256773.5
3211	334	91240565.99	330256773.5
3212	334	91240565.99	330256773.5
3220	263	57717932.34	214189547.2
3221	263	57717932.34	214189547.2
3270	469	97450027.68	431798821.2
3271	469	97450027.68	431798821.2
3272	469	97450027.68	431798821.2
3290	425	107670821.4	453569281.2
3293	425	107670821.4	453569281.2
3294	425	107670821.4	453569281.2
3300	503	148816609	636385296.1
3320	201	37184909.02	141428788.2
3321	201	37184909.02	141428788.2
3350	199	32618312.47	138399567.7
3360	270	63905125.33	228711655.6
3370	277	46746199.7	173109226.6
3380	201	26265216.46	105881772.1
3381	201	26265216.46	105881772.1
3384	201	26265216.46	105881772.1
3390	261	53519908.62	213174561.3
3391	261	53519908.62	213174561.3
3400	307	72018918.23	301862196.5
3401	307	72018918.23	301862196.5
3404	307	72018918.23	301862196.5
3440	186	35629916.28	155855414.7
3450	176	23628296.4	107193874.8
3454	176	23628296.4	107193874.8
3460	182	27605310.46	117288354.6
3461	182	27605310.46	117288354.6
3470	161	33370739.72	145944799.8
3471	161	33370739.72	145944799.8
3472	161	33370739.72	145944799.8
3473	161	33370739.72	145944799.8
3500	787	357566926.3	1486443144
3501	787	357566926.3	1486443144
3510	787	357566926.3	1486443144
3511	787	357566926.3	1486443144
3512	787	357566926.3	1486443144
3520	551	87791767.32	385379859.9
3530	395	95019501.64	483405034.2
3540	298	54268324.24	233369416.7
3545	261	38423199.37	170156443.9
3550	656	112824473.1	542312631.8
3560	285	62793639.68	274105458.1
3570	422	50902820.38	215717532.5
3580	615	152270120.5	735280495.4
3581	615	152270120.5	735280495.4
3582	615	152270120.5	735280495.4
3583	615	152270120.5	735280495.4
3590	473	79776850.89	347406006.2
3600	775	202956177.6	1032432338
3620	447	74900928.49	453272123.3
3621	447	74900928.49	453272123.3
3630	523	96290750.52	566903723.8
3631	523	96290750.52	566903723.8
3640	226	31964273.47	196082444.2
3650	324	61479782.08	326568634.6
3660	205	82850243.88	397885934.2
3665	373	30685567.54	143483958.3
3668	373	30685567.54	143483958.3
3670	205	82850243.88	397885934.2
3680	335	80192021.34	425068508
3690	230	28169110.55	131889018.5
3700	366	118029875.2	544369141.6
3717	56	348015.0611	1619404.224
3720	258	36228122.39	155827450.9
3721	258	36228122.39	155827450.9
3722	258	36228122.39	155827450.9
3723	258	36228122.39	155827450.9
3724	258	36228122.39	155827450.9
3730	335	37680334.1	171698829.8
3732	335	37680334.1	171698829.8
3740	431	118377159.6	553204911.6
3742	431	118377159.6	553204911.6
3746	431	118377159.6	553204911.6
3770	291	53763492.93	281882398.3
3790	87	12363546.19	70151218.8
3791	87	12363546.19	70151218.8
3792	87	12363546.19	70151218.8
3793	87	12363546.19	70151218.8
3798	87	12363546.19	70151218.8
3800	387	159315989	718134588.6
3803	387	159315989	718134588.6
3806	387	159315989	718134588.6
3830	279	29759221.99	134021859.5
3831	279	29759221.99	134021859.5
3832	279	29759221.99	134021859.5
3840	226	41923882.66	190640297.2
3850	324	26756672.64	122256647.1
3870	143	25966221.74	123528985.1
3890	155	34978180.77	153048341.6
3891	155	34978180.77	153048341.6
3900	411	104926071.1	546409083.3
3910	411	104926071.1	546409083.3
3920	341	110382382.5	573967464.5
3930	332	35190787.92	227240411.9
3940	169	42351421.32	207378357.4
3941	169	42351421.32	207378357.4
3945	346	41486122.91	188774210.7
3950	232	38568179.43	208947850.9
3960	261	53819067.3	267685163.6
3970	735	53617997.84	257256482.9
3971	735	53617997.84	257256482.9
3980	368	78832877.73	342549923.8
3990	190	58439781.82	277904876
4000	2852	588839895	2804560594
4020	2852	588839895	2804560594
4030	2852	588839895	2804560594
4031	2852	588839895	2804560594
4032	2852	588839895	2804560594
4040	1747	101058143.1	550791515.4
4041	1747	101058143.1	550791515.4
4042	1747	101058143.1	550791515.4
4050	809	119092970.4	458037483.4
4051	809	119092970.4	458037483.4
4052	809	119092970.4	458037483.4
4053	809	119092970.4	458037483.4
4099	343	39834976.89	167343184.6
4100	1823	160155011.6	869075770.5
4101	1823	160155011.6	869075770.5
4102	1823	160155011.6	869075770.5
4120	315	60679954.75	221575567.1
4121	315	60679954.75	221575567.1
4122	315	60679954.75	221575567.1
4130	376	68270509.61	265171230.3
4140	203	68014756.95	277460292.7
4141	203	68014756.95	277460292.7
4160	113	19193433.7	77992623.24
4161	113	19193433.7	77992623.24
4162	113	19193433.7	77992623.24
4163	113	19193433.7	77992623.24
4170	235	17383138.09	84838943.11
4171	235	17383138.09	84838943.11
4180	136	13250199.83	62626676.14
4181	136	13250199.83	62626676.14
4190	90	19329334.83	85524342.14
4210	101	15177666.56	59737025.17
4217	146	23209680.95	93559153.62
4218	146	23209680.95	93559153.62
4219	128	11437405.02	49038541.86
4250	151	15890187.92	62517543.42
4252	151	15890187.92	62517543.42
4253	151	15890187.92	62517543.42
4254	151	15890187.92	62517543.42
4257	230	13750539.31	56108921.56
4260	149	27179674.76	112703625
4261	149	27179674.76	112703625
4263	149	27179674.76	112703625
4280	198	72135989.48	295380095.5
4287	229	14373546.27	60195431.49
4300	501	63008173.79	270806929.6
4317	145	19513673.84	75522211.51
4340	343	39834976.89	167343184.6
4342	343	39834976.89	167343184.6
4347	176	14807545.97	60717086.27
4350	263	26974694.67	109476063
4351	263	26974694.67	109476063
4357	133	15506620.02	60280421.87
4360	207	16085980.19	69182273.99
4367	209	15451839.99	62022000.97
4400	738	79891672.64	399959924.3
4420	3546	53337807.39	312267540.4
4430	1242	94386683.57	447190994.9
4431	1242	94386683.57	447190994.9
4432	1242	94386683.57	447190994.9
4450	274	40226910	169526046.1
4451	274	40226910	169526046.1
4452	274	40226910	169526046.1
4453	274	40226910	169526046.1
4458	274	40226910	169526046.1
4460	681	63259591.72	329211604.4
4470	345	24238722.35	112293430.8
4480	227	17758209.53	89078303.51
4500	456	74158031.96	340902649.1
4520	318	57193905.55	242858016.2
4530	208	28554001.36	117693584.2
4537	179	19496212.85	77203983.58
4540	525	48097091.83	225451352.1
4550	159	33879642.89	124656392.9
4557	75	12377245.23	49589130.4
4560	62	18320533.42	80249511.7
4570	186	21980862.22	93666124.64
4577	104	18476968.54	75258420.76
4590	69	10662733.46	47465842.14
4600	655	61693323.58	284888093.1
4601	655	61693323.58	284888093.1
4602	655	61693323.58	284888093.1
4606	214	32482572	136750257
4607	214	32482572	136750257
4608	214	32482572	136750257
4610	1650	38246955.51	186109246.2
4620	1197	55255256.91	265550646.1
4621	1197	55255256.91	265550646.1
4623	1197	55255256.91	265550646.1
4624	1197	55255256.91	265550646.1
4630	638	63723586.09	282182729.9
4631	638	63723586.09	282182729.9
4632	638	63723586.09	282182729.9
4633	638	63723586.09	282182729.9
4650	314	71507955.21	308095973.1
4651	314	71507955.21	308095973.1
4652	314	71507955.21	308095973.1
4653	314	71507955.21	308095973.1
4654	314	71507955.21	308095973.1
4670	517	58634615.25	244939706.7
4671	517	58634615.25	244939706.7
4672	517	58634615.25	244939706.7
4680	713	86847188.64	409368892.7
4681	713	86847188.64	409368892.7
4682	713	86847188.64	409368892.7
4683	713	86847188.64	409368892.7
4684	713	86847188.64	409368892.7
4690	236	32468751.32	151656799.1
4700	209	65669898.31	327333425.7
4701	209	65669898.31	327333425.7
4710	211	15976035.56	95215658.84
4711	211	15976035.56	95215658.84
4720	629	19163161.14	166301557.8
4721	629	19163161.14	166301557.8
4728	629	19163161.14	166301557.8
4730	153	19970435.5	193871070.9
4731	153	19970435.5	193871070.9
4750	58	14189750.41	86948661.77
4760	37	12771776.88	84442581.47
4761	37	12771776.88	84442581.47
4770	45	12722793.97	86026237.56
4771	45	12722793.97	86026237.56
4780	68	23747795.04	162406879.1
4782	68	23747795.04	162406879.1
4783	68	23747795.04	162406879.1
4784	68	23747795.04	162406879.1
4790	36	5310258.209	62172298.16
4791	36	5310258.209	62172298.16
4800	1690	148131823.7	759024257.8
4801	1690	148131823.7	759024257.8
4802	1690	148131823.7	759024257.8
4820	1092	31647834.07	182196649.4
4821	1092	31647834.07	182196649.4
4830	229	19724807.64	93895610.81
4831	229	19724807.64	93895610.81
4834	229	19724807.64	93895610.81
4837	52	16625385.94	75818399.01
4840	423	34528422.38	165265653.2
4841	423	34528422.38	165265653.2
4845	82	38404184.21	161135709.3
4850	203	26237557.74	160178678.9
4851	203	26237557.74	160178678.9
4852	203	26237557.74	160178678.9
4860	373	32497966.68	153388987.5
4861	373	32497966.68	153388987.5
4870	258	20622730.06	81116399.8
4877	258	20622730.06	81116399.8
4880	226	16679486.83	75224058.11
4890	195	24227432.1	101660754
4900	246	35853962.52	172891137.1
4910	144	51910387.19	220893780.8
4920	161	44226268.46	203088892.7
4950	78	21552920.69	115011713.3
4960	129	40254305.43	204099019.4
4970	85	23521675.06	114281659.3
4980	37	8069933.343	40676672.29
4983	37	8069933.343	40676672.29
4987	29	12584522.82	55065968.01
4990	39	11497920.93	57544524.01
5000	649	457993972.2	1913775828
5001	649	457993972.2	1913775828
5002	649	457993972.2	1913775828
5003	649	457993972.2	1913775828
5004	649	457993972.2	1913775828
5010	649	457993972.2	1913775828
5012	649	457993972.2	1913775828
5020	649	457993972.2	1913775828
5021	649	457993972.2	1913775828
5022	649	457993972.2	1913775828
5024	649	457993972.2	1913775828
5030	275	120838820	472688905.8
5031	275	120838820	472688905.8
5032	275	120838820	472688905.8
5060	835	86732337.84	429425532.1
5070	165	38198297.15	169252927.5
5080	176	48398219.42	181328352.1
5081	176	48398219.42	181328352.1
5100	649	457993972.2	1913775828
5101	649	457993972.2	1913775828
5140	234	35342531.46	146407570.4
5150	207	34880341.52	143636352.2
5170	245	55353773.2	223511564.7
5190	410	68349958.02	311005284.9
5300	327	88735471.36	416770857
5310	163	73954572.93	297975450.7
5330	93	33300193.07	130163469.1
5332	93	33300193.07	130163469.1
5333	93	33300193.07	130163469.1
5334	93	33300193.07	130163469.1
5336	93	33300193.07	130163469.1
5340	115	32822070.18	130383592.5
5350	92	18467949.69	81984818.01
5351	92	18467949.69	81984818.01
5352	92	18467949.69	81984818.01
5353	92	18467949.69	81984818.01
5354	92	18467949.69	81984818.01
5360	98	28735115.23	122870577.6
5361	98	28735115.23	122870577.6
5362	98	28735115.23	122870577.6
5363	98	28735115.23	122870577.6
5364	98	28735115.23	122870577.6
5370	52	17875932.73	82876363.93
5372	52	17875932.73	82876363.93
5374	52	17875932.73	82876363.93
5376	52	17875932.73	82876363.93
5377	64	17572316.95	85871447.08
5380	125	36469481.76	144063755.7
5500	133	42133569.95	205778304.2
5501	133	42133569.95	205778304.2
5502	133	42133569.95	205778304.2
5503	133	42133569.95	205778304.2
5504	133	42133569.95	205778304.2
5520	49	10954086.58	51725833.34
5521	49	10954086.58	51725833.34
5522	49	10954086.58	51725833.34
5523	49	10954086.58	51725833.34
5524	49	10954086.58	51725833.34
5530	160	39072501.7	162858008.8
5537	108	24479521.09	115085251.8
5540	109	13858343.19	83534151.18
5541	109	13858343.19	83534151.18
5542	109	13858343.19	83534151.18
5543	109	13858343.19	83534151.18
5544	109	13858343.19	83534151.18
5550	24	6461612.787	38446685.22
5555	32	8607989.735	48020462.18
5560	42	15433144.18	75714114.83
5561	42	15433144.18	75714114.83
5562	42	15433144.18	75714114.83
5563	42	15433144.18	75714114.83
5564	42	15433144.18	75714114.83
5570	54	26283349.48	135033961.9
5571	54	26283349.48	135033961.9
5572	54	26283349.48	135033961.9
5573	54	26283349.48	135033961.9
5574	54	26283349.48	135033961.9
5575	31	12726645.45	68691026.82
5576	54	26283349.48	135033961.9
5580	76	39491181.99	193321949.6
5589	76	39491181.99	193321949.6
5590	116	57728069.8	266487352
5600	61	28410936.79	141718703.2
5620	85	37818123.26	178606185
5621	85	37818123.26	178606185
5630	60	15489068.73	75786256.9
5640	116	49245912.93	217905929.8
5641	116	49245912.93	217905929.8
5644	116	49245912.93	217905929.8
5646	116	49245912.93	217905929.8
5650	149	72663857.45	317816281.8
5651	149	72663857.45	317816281.8
5660	67	36598653.83	197855166.2
5670	47	14912948.76	83012666.99
5680	35	7997088.135	43366751.55
6000	1985	464265531.7	2625408378
6001	1985	464265531.7	2625408378
6010	1985	464265531.7	2625408378
6020	1985	464265531.7	2625408378
6030	1985	464265531.7	2625408378
6031	1985	464265531.7	2625408378
6032	1985	464265531.7	2625408378
6040	1985	464265531.7	2625408378
6041	1985	464265531.7	2625408378
6042	1985	464265531.7	2625408378
6043	1985	464265531.7	2625408378
6044	1985	464265531.7	2625408378
6060	1985	464265531.7	2625408378
6061	1985	464265531.7	2625408378
6075	385	68915730.23	345725369.5
6099	385	68915730.23	345725369.5
6110	666	50402141.85	202088977.2
6111	666	50402141.85	202088977.2
612	5949	449947939.5	2131778502
6120	302	71110784.87	277872088.2
6140	632	50408337.19	258572101.5
6141	632	50408337.19	258572101.5
6142	632	50408337.19	258572101.5
6150	745	33100555.14	175992437
6180	704	88244311.62	451191408.2
6181	704	88244311.62	451191408.2
6182	704	88244311.62	451191408.2
6183	704	88244311.62	451191408.2
6200	1302	83116903.28	479578872.1
6210	223	44045340.18	177575679.6
6211	223	44045340.18	177575679.6
6220	385	68915730.23	345725369.5
6221	385	68915730.23	345725369.5
6222	385	68915730.23	345725369.5
6223	385	68915730.23	345725369.5
6224	385	68915730.23	345725369.5
6230	315	73531592.33	308664786.5
6238	315	73531592.33	308664786.5
6240	1099	19777100.41	129643632.7
6250	490	33046025.59	163195698.2
6280	270	61783672.08	248459889
6440	47	10455176.5	56418297.08
6441	47	10455176.5	56418297.08
6460	49	26788203.1	140649038.5
6461	49	26788203.1	140649038.5
6462	49	26788203.1	140649038.5
6463	49	26788203.1	140649038.5
6464	49	26788203.1	140649038.5
6470	66	14704860.88	73289529.31
6500	76	23291463.36	110278660.2
6511	76	23291463.36	110278660.2
6530	194	60847801.89	262040766.8
6531	194	60847801.89	262040766.8
6532	194	60847801.89	262040766.8
6533	194	60847801.89	262040766.8
6534	194	60847801.89	262040766.8
6536	194	60847801.89	262040766.8
6540	185	23958537.97	102006616.4
6542	185	23958537.97	102006616.4
6543	185	23958537.97	102006616.4
6560	225	26500827.54	140856830.6
6567	137	13212189.03	64174881.82
6590	61	12174240.9	70079189.13
6591	61	12174240.9	70079189.13
6592	61	12174240.9	70079189.13
6593	61	12174240.9	70079189.13
6594	61	12174240.9	70079189.13
6596	61	12174240.9	70079189.13
6600	98	31587902.17	244999424.3
6630	69	2394576.376	29485591.81
6637	33	4087160.171	38291736.78
6640	46	11551807.59	86537626.78
6660	32	12782487.78	80754090.88
6661	32	12782487.78	80754090.88
6662	32	12782487.78	80754090.88
6663	32	12782487.78	80754090.88
6666	32	12782487.78	80754090.88
6670	33	10298116.02	75829199.18
6671	33	10298116.02	75829199.18
6672	33	10298116.02	75829199.18
6673	33	10298116.02	75829199.18
6674	33	10298116.02	75829199.18
6680	28	6022805.047	38037272.8
6681	28	6022805.047	38037272.8
6686	41	7514848.279	53762367.25
6687	41	7514848.279	53762367.25
6688	41	7514848.279	53762367.25
6690	56	21174500.57	118511048
6692	56	21174500.57	118511048
6698	56	21174500.57	118511048
6700	263	57281818.89	586341258.4
6704	263	57281818.89	586341258.4
6706	263	57281818.89	586341258.4
6717	82	9459540.862	120010213.2
6720	84	16248451.23	155784484.7
6721	84	16248451.23	155784484.7
6723	84	16248451.23	155784484.7
6724	84	16248451.23	155784484.7
6730	56	9269273.567	69383680.06
6740	76	12188060.48	113405724.1
6741	76	12188060.48	113405724.1
6742	76	12188060.48	113405724.1
6743	76	12188060.48	113405724.1
6747	103	6430427.937	66327886.97
6750	132	7134427.012	76473388.19
6760	119	27601550	185606264.7
6761	119	27601550	185606264.7
6762	119	27601550	185606264.7
6767	76	4950932.358	33151544.89
6769	51	7156662.197	45059433.37
6780	162	10852699.03	165044537
6781	162	10852699.03	165044537
6782	162	10852699.03	165044537
6790	387	18635618.79	263513777.4
6791	387	18635618.79	263513777.4
6792	387	18635618.79	263513777.4
6800	67	34072093.55	183072755.3
6810	47	12789377.85	83437430.26
6811	47	12789377.85	83437430.26
6812	47	12789377.85	83437430.26
6813	47	12789377.85	83437430.26
6820	39	14127919.69	87118356.08
6821	39	14127919.69	87118356.08
6823	39	14127919.69	87118356.08
6824	39	14127919.69	87118356.08
6830	36	14527550.81	81970716.09
6831	36	14527550.81	81970716.09
6832	36	14527550.81	81970716.09
6833	36	14527550.81	81970716.09
6834	36	14527550.81	81970716.09
6836	36	14527550.81	81970716.09
6838	36	14527550.81	81970716.09
6840	72	18648578.35	119923112.8
6850	50	14489231.59	79910833.22
6851	50	14489231.59	79910833.22
6852	50	14489231.59	79910833.22
6853	50	14489231.59	79910833.22
6856	50	14489231.59	79910833.22
6860	34	10051645.98	85699047.21
6870	51	17118963.17	89534587.39
6880	65	23809567.2	132163002.4
6887	30	4320676.073	25228001.03
6890	38	16234430.31	83177577.02
6900	147	57751293.88	276283335.5
6920	46	9316842.881	47570987.12
6921	46	9316842.881	47570987.12
6922	46	9316842.881	47570987.12
6924	46	9316842.881	47570987.12
6927	45	8161083.125	39755779.39
6929	25	3772676.632	20869066.73
6940	73	33993403.16	174787418
6941	73	33993403.16	174787418
6950	51	17573104.05	86999761.81
6951	51	17573104.05	86999761.81
6952	51	17573104.05	86999761.81
6953	51	17573104.05	86999761.81
6960	31	11449761.68	56386993.73
6970	31	8326887.608	45344008.49
6971	31	8326887.608	45344008.49
6972	31	8326887.608	45344008.49
6980	28	11147108.8	63937756.2
6982	28	11147108.8	63937756.2
6983	28	11147108.8	63937756.2
6984	28	11147108.8	63937756.2
6986	28	11147108.8	63937756.2
6987	39	7464381.084	38728443.45
6990	100	16315363.49	81311587.43
6997	42	10036796.81	50597702.92
7000	653	317077415.4	1446530680
7010	653	317077415.4	1446530680
7011	653	317077415.4	1446530680
7012	653	317077415.4	1446530680
7020	653	317077415.4	1446530680
7021	653	317077415.4	1446530680
7022	653	317077415.4	1446530680
7024	653	317077415.4	1446530680
7030	653	317077415.4	1446530680
7031	653	317077415.4	1446530680
7032	653	317077415.4	1446530680
7033	653	317077415.4	1446530680
7034	653	317077415.4	1446530680
7040	125	33362837.34	143286672.9
7041	125	33362837.34	143286672.9
7050	187	51293361.59	193867886.4
7060	261	104127318.3	451625435.7
7061	261	104127318.3	451625435.7
7062	261	104127318.3	451625435.7
7063	261	104127318.3	451625435.7
7070	201	36136319.64	151027423.1
7080	831	60917476.98	316660785.4
7090	276	89498487.73	379195100
7100	1258	211780143.4	1123144218
7110	1258	211780143.4	1123144218
7120	109	28692451.33	128134492.7
7130	550	99745491.22	509659366.2
7131	550	99745491.22	509659366.2
7133	550	99745491.22	509659366.2
7134	550	99745491.22	509659366.2
7140	941	55533970.07	286344709.2
7141	941	55533970.07	286344709.2
7160	815	41591913.18	216426965.6
7170	1241	62281664.64	329009528
7180	182	50065719.37	204548690.3
7181	182	50065719.37	204548690.3
7190	332	40791276.99	182838186.7
7191	332	40791276.99	182838186.7
7300	1010	46865353.35	270047911
7301	1010	46865353.35	270047911
7320	271	36398033.85	181266258.7
7321	271	36398033.85	181266258.7
7322	271	36398033.85	181266258.7
7330	336	80738843.22	378346520.1
7331	336	80738843.22	378346520.1
7332	336	80738843.22	378346520.1
7333	336	80738843.22	378346520.1
7334	336	80738843.22	378346520.1
7340	1509	43417732.7	262322100.6
7350	258	19853573.95	100767293.6
7370	493	44947919.96	240743341.6
7380	320	17650864.36	95266000.06
7382	320	17650864.36	95266000.06
7387	117	19469220.52	87871385.51
7390	1691	42989705.2	251390576
7500	318	237338185.8	1136160464
7501	318	237338185.8	1136160464
7502	318	237338185.8	1136160464
7503	318	237338185.8	1136160464
7504	318	237338185.8	1136160464
7506	318	237338185.8	1136160464
7510	318	237338185.8	1136160464
7511	318	237338185.8	1136160464
7512	318	237338185.8	1136160464
7513	318	237338185.8	1136160464
7520	318	237338185.8	1136160464
7521	318	237338185.8	1136160464
7522	318	237338185.8	1136160464
7530	318	237338185.8	1136160464
7531	318	237338185.8	1136160464
7532	318	237338185.8	1136160464
7533	318	237338185.8	1136160464
7534	318	237338185.8	1136160464
7536	318	237338185.8	1136160464
7538	318	237338185.8	1136160464
7540	318	237338185.8	1136160464
7542	318	237338185.8	1136160464
7543	318	237338185.8	1136160464
7548	318	237338185.8	1136160464
7600	284	49872115.74	254063851.5
7601	284	49872115.74	254063851.5
7602	284	49872115.74	254063851.5
7603	284	49872115.74	254063851.5
7604	284	49872115.74	254063851.5
7608	284	49872115.74	254063851.5
7610	223	16333958.13	82977760.66
7611	223	16333958.13	82977760.66
7618	223	16333958.13	82977760.66
7620	174	25951749.5	126289341.1
7621	174	25951749.5	126289341.1
7622	174	25951749.5	126289341.1
7623	174	25951749.5	126289341.1
7624	174	25951749.5	126289341.1
7640	243	22396240.93	116729499.3
7641	243	22396240.93	116729499.3
7642	243	22396240.93	116729499.3
7643	243	22396240.93	116729499.3
7700	1477	144797876.1	824752621.3
7711	1477	144797876.1	824752621.3
7712	1477	144797876.1	824752621.3
7730	335	28776451.47	163609102.8
7740	180	18422292.34	91240110.68
7742	180	18422292.34	91240110.68
7743	180	18422292.34	91240110.68
7750	143	13436932.77	62014774.93
7760	85	19120502.82	91260532.17
7780	300	39702354.3	255072436.2
7781	300	39702354.3	255072436.2
7782	300	39702354.3	255072436.2
7783	300	39702354.3	255072436.2
7784	300	39702354.3	255072436.2
7800	235	115268307.2	502474026.6
7801	235	115268307.2	502474026.6
7802	235	115268307.2	502474026.6
7803	235	115268307.2	502474026.6
7804	235	115268307.2	502474026.6
7810	235	115268307.2	502474026.6
7811	235	115268307.2	502474026.6
7812	235	115268307.2	502474026.6
7822	235	115268307.2	502474026.6
7823	235	115268307.2	502474026.6
7830	124	40207306.11	159965388.7
7850	124	40207306.11	159965388.7
7860	258	62436510.82	297980244
7861	258	62436510.82	297980244
7862	258	62436510.82	297980244
7863	258	62436510.82	297980244
7864	258	62436510.82	297980244
7866	258	62436510.82	297980244
7870	93	17317638.6	74156754.52
7880	148	13959831.36	60754366.7
7890	132	22983270.11	103457337
7900	191	48018154.22	225711402.5
7901	191	48018154.22	225711402.5
7903	191	48018154.22	225711402.5
7904	191	48018154.22	225711402.5
7906	191	48018154.22	225711402.5
7910	108	42713105.12	197671668.9
7911	108	42713105.12	197671668.9
7912	108	42713105.12	197671668.9
7940	135	12765693.1	58007483.85
7941	135	12765693.1	58007483.85
7942	135	12765693.1	58007483.85
7943	135	12765693.1	58007483.85
7950	151	25382689.83	113477065.4
7951	151	25382689.83	113477065.4
7970	229	46928110.1	222259655.1
7971	229	46928110.1	222259655.1
7972	229	46928110.1	222259655.1
7973	229	46928110.1	222259655.1
8000	850	534224868.1	2260481804
8020	303	104962889.5	439312016.2
8200	850	534224868.1	2260481804
8210	387	97288979.31	416371126.6
8211	387	97288979.31	416371126.6
8300	528	191782071.2	806121702.9
8301	528	191782071.2	806121702.9
8310	850	534224868.1	2260481804
8340	124	47945365.41	205066592
8370	1081	67411786.4	343973373.6
8377	55	12823514.98	53101180.43
8380	850	534224868.1	2260481804
8400	1772	253815090.5	1224815290
8420	276	55103723.84	249108292.1
8421	276	55103723.84	249108292.1
8430	251	65033202.76	336647537.3
8431	251	65033202.76	336647537.3
8432	251	65033202.76	336647537.3
8433	251	65033202.76	336647537.3
8434	251	65033202.76	336647537.3
8450	1276	68602259.15	310320871.1
8460	279	36021854.97	164262303.6
8470	286	46589677.71	208254020.7
8480	317	48187071.76	232039192.5
8490	275	68370458.4	277229773.8
8500	992	315367458.8	1373285852
8501	992	315367458.8	1373285852
8510	992	315367458.8	1373285852
8511	992	315367458.8	1373285852
8520	1399	49198980.64	230100823.8
8530	1017	105340821.5	487360737.7
8531	1017	105340821.5	487360737.7
8540	746	47517114.33	212466215.1
8550	405	102535478.8	450063583.8
8551	405	102535478.8	450063583.8
8552	405	102535478.8	450063583.8
8553	405	102535478.8	450063583.8
8554	405	102535478.8	450063583.8
8560	815	120858742.3	553952814.2
8570	358	62246883.13	269071993.5
8572	358	62246883.13	269071993.5
8573	358	62246883.13	269071993.5
8580	470	36129343.39	171238324.4
8581	470	36129343.39	171238324.4
8582	470	36129343.39	171238324.4
8583	470	36129343.39	171238324.4
8587	191	7388827.529	34391362.31
8600	114	54735667.55	269422135.6
8610	231	41241194.38	203922901
8620	344	41054710.66	207279065.5
8630	129	41188983.33	200446500.2
8640	93	10457324.74	55009371.01
8647	51	9850952.091	50555763.34
8650	187	30586417.72	156039808.1
8660	414	35402341.18	191740308.2
8670	428	117950738.6	514998306
8680	224	28836151.18	143392155.9
8690	62	14550583.19	75834361.8
8691	62	14550583.19	75834361.8
8700	300	79628841.13	356294757.1
8710	463	34936032.65	161355298.2
8720	334	32409118.9	146371341.3
8730	225	65989828.03	284527625.6
8740	200	24368264.07	113445210.2
8750	221	52723853.77	241641391
8755	179	20229899.04	92034972.02
8760	377	37999408.18	185525592.5
8770	702	39104929.4	187144633.7
8780	482	27960913.06	131332269.1
8790	899	158255371.7	688604539.6
8791	899	158255371.7	688604539.6
8792	899	158255371.7	688604539.6
8793	899	158255371.7	688604539.6
8800	1097	241086064.8	1071436074
8810	356	33148153.69	151818805.3
8820	463	80521498.44	362430268.6
8830	269	39400550.7	175981899.5
8840	249	37507401.95	182504481
8850	268	33120219.8	158302847.9
8851	268	33120219.8	158302847.9
8860	443	21922018.84	101647879.1
8870	1140	103620426.9	487258534
8880	394	33779877.17	162042648.6
8890	324	38163869.75	185195295.7
8900	270	126467862.5	600210689.1
8902	270	126467862.5	600210689.1
8904	270	126467862.5	600210689.1
8906	270	126467862.5	600210689.1
8908	270	126467862.5	600210689.1
8920	153	26175679.69	127963423.9
8930	1038	103839825.9	529513823
8940	439	58854352.1	297803372.7
8950	84	22574717.39	122091475.8
8951	84	22574717.39	122091475.8
8952	84	22574717.39	122091475.8
8953	84	22574717.39	122091475.8
8954	84	22574717.39	122091475.8
8956	84	22574717.39	122091475.8
8957	299	2062506.136	13625683.02
8958	84	22574717.39	122091475.8
8970	165	62228122.29	316192009.3
8972	165	62228122.29	316192009.3
8978	165	62228122.29	316192009.3
8980	187	43119427.53	205648866.2
9000	1709	1096990579	4532573422
9030	1709	1096990579	4532573422
9031	1709	1096990579	4532573422
9032	1709	1096990579	4532573422
9040	1709	1096990579	4532573422
9041	1709	1096990579	4532573422
9042	1709	1096990579	4532573422
9050	1709	1096990579	4532573422
9051	1709	1096990579	4532573422
9052	1709	1096990579	4532573422
9060	995	46872158.88	219041754.9
9070	716	102610957.3	391510300.6
9075	1709	1096990579	4532573422
9080	380	115562826	447979571
9090	781	60208921.01	232557524.5
9099	1709	1096990579	4532573422
9100	972	295066500.3	1300778697
9111	972	295066500.3	1300778697
9112	972	295066500.3	1300778697
9120	333	227683082.2	939599316.4
9130	333	227683082.2	939599316.4
9140	780	127889324.4	533708835.2
9150	509	75396005.44	310402582.6
9160	638	169041603.1	721478040.3
9170	363	86554259.46	360848723.6
9180	178	28322005.97	120330593.9
9185	228	32829892.66	139831353.8
9190	433	76995786.81	332977412
9200	835	197820175.2	844362754.4
9220	630	95538781.71	427003998.3
9230	728	109578595.7	465488458.9
9240	646	77956388.72	353915306.6
9250	350	58326653.3	224963179.1
9255	583	71051205.12	287762933.7
9260	519	52787820.94	222671512.3
9270	385	63679757.05	251203424
9280	735	83735934.16	351899254.6
9290	405	64726398.14	278315456
9300	1157	372481433.6	1573573009
9308	1157	372481433.6	1573573009
9310	1157	372481433.6	1573573009
9320	1157	372481433.6	1573573009
9340	646	87113774.65	358125886.8
9400	552	161249668.6	697475291.8
9401	552	161249668.6	697475291.8
9402	552	161249668.6	697475291.8
9403	552	161249668.6	697475291.8
9404	552	161249668.6	697475291.8
9406	552	161249668.6	697475291.8
9420	611	97804034.68	400286269.4
9450	636	86745900.95	361899957.3
9451	636	86745900.95	361899957.3
9470	1519	84353980.45	359174126.2
9472	1519	84353980.45	359174126.2
9473	1519	84353980.45	359174126.2
9500	437	136131587.3	599344326.4
9506	437	136131587.3	599344326.4
9520	395	48246296.84	196848872.7
9521	395	48246296.84	196848872.7
9550	395	83198097.05	345745318.6
9551	395	83198097.05	345745318.6
9552	395	83198097.05	345745318.6
9570	261	29724384.23	126239684.7
9571	261	29724384.23	126239684.7
9572	261	29724384.23	126239684.7
9600	788	74509484.58	384137941.6
9620	489	129237946.7	525281397.8
9630	246	40241153.82	161903511.8
9636	246	40241153.82	161903511.8
9660	265	62560360.48	274381719
9661	265	62560360.48	274381719
9667	179	9999507.551	41231526.32
9680	137	30378604.93	125395979.7
9681	137	30378604.93	125395979.7
9688	137	30378604.93	125395979.7
9690	225	27262405.27	119492827.8
9700	474	139251949.2	585889658.3
9750	223	74578255.13	301852996.7
9770	223	74578255.13	301852996.7
9771	223	74578255.13	301852996.7
9772	223	74578255.13	301852996.7
9790	154	32085906.64	127463552
9800	355	201482761.9	818604377.2
9810	347	59399815.95	234616538.2
9820	682	139948480.2	516062699.6
9830	568	66296640.47	225372700.7
9831	568	66296640.47	225372700.7
9840	624	74120993.27	255901739.9
9850	355	201482761.9	818604377.2
9860	323	72063280.82	277881075.9
9870	491	65548311.47	282744541.6
9880	249	130942183	544781468.4
9881	249	130942183	544781468.4
9890	421	65315458.61	258850392.5
9900	736	77749941.39	360347695.6
9910	249	130942183	544781468.4
9920	337	119514107.1	500634461.9
9921	337	119514107.1	500634461.9
9930	337	119514107.1	500634461.9
9931	337	119514107.1	500634461.9
9932	337	119514107.1	500634461.9
9940	489	159736638.6	664169354.5
9950	337	119514107.1	500634461.9
9960	167	59693773.37	262761007.7
9961	167	59693773.37	262761007.7
9968	167	59693773.37	262761007.7
9970	198	28998052.52	121881597.3
9971	198	28998052.52	121881597.3
9980	94	25571123.04	119677710.4
9981	94	25571123.04	119677710.4
9982	94	25571123.04	119677710.4
9988	94	25571123.04	119677710.4
9990	259	91163248.53	415561559.7
9991	259	91163248.53	415561559.7
9992	259	91163248.53	415561559.7